0xxximiron@cloudy:~/jokes/OS_labs/week8$ ./ex2.sh
before start of the program:
procs -----------memory---------- ---swap-- -----io---- -system-- ------cpu-----
 r  b   swpd   free   buff  cache   si   so    bi    bo   in   cs us sy id wa st
 0  0      0 228812  50360 555172    0    0     1     3   20   37  0  0 100  0  0
start program
procs -----------memory---------- ---swap-- -----io---- -system-- ------cpu-----
 r  b   swpd   free   buff  cache   si   so    bi    bo   in   cs us sy id wa st
 2  0      0 226544  50360 555172    0    0     1     3   20   37  0  0 100  0  0
Running
 0  0      0 219236  50360 555172    0    0     0     0   80  104  0  0 100  0  0
 0  0      0 219236  50360 555172    0    0     0     0   44   79  0  0 100  0  0
Running
 0  0      0 208904  50360 555172    0    0     0    80   60  102  0  0 100  0  0
 0  0      0 208904  50360 555172    0    0     0     0   46   78  0  0 100  0  0
Running
 0  0      0 198572  50360 555172    0    0     0     0   47   84  0  0 100  0  0
 0  0      0 198540  50360 555172    0    0     0     0   48   79  0  0 100  0  0
Running
 0  0      0 188460  50360 555172    0    0     0     0   51   89  0  0 100  0  0
 0  0      0 188460  50360 555172    0    0     0     0   51   85  0  0 100  0  0
Running
 0  0      0 178128  50360 555172    0    0     0     0   59   99  0  0 100  0  0
 0  0      0 178128  50360 555172    0    0     0     0   41   73  0  0 100  0  0
Running
 0  0      0 167796  50360 555172    0    0     0     0   57   99  0  0 100  0  0
 0  0      0 167828  50360 555172    0    0     0     0   48   82  0  0 100  0  0
Running
 0  0      0 156992  50360 555172    0    0     0     0   87  131  0  0 100  0  0
 0  0      0 156992  50360 555172    0    0     0     0   42   81  0  0 100  0  1
Running
 0  0      0 146660  50360 555172    0    0     0     0   55   90  0  0 100  0  0
 0  0      0 146660  50360 555172    0    0     0     0   50   85  0  0 100  0  0
Running
 0  0      0 136328  50360 555172    0    0     0     0   53   84  0  0 100  0  0
 0  0      0 136328  50360 555172    0    0     0     0   56   88  0  0 100  0  0
Running
 0  0      0 126248  50360 555172    0    0     0     0   58   95  0  0 100  0  0
 0  0      0 126248  50360 555172    0    0     0     0   51   89  0  0 100  0  0
program finished
 0  0      0 227812  50360 555172    0    0     0     0   68  104  0  1 99  0  0
 0  0      0 227812  50360 555172    0    0     0     0   42   81  0  0 100  0  0
^C
